kinematics:
  shoulder:
    x: 0
    y: 0
    z: 0.0893461559410826
    roll: -0
    pitch: 0
    yaw: -3.994938183522694e-05
  upper_arm:
    x: -3.041393885149478e-05
    y: 0
    z: 0
    roll: 1.570410487190837
    pitch: 0
    yaw: 1.195690564437635e-05
  forearm:
    x: -0.4248693979716339
    y: 0
    z: 0
    roll: 0.001688766452080258
    pitch: 0.0009293972293280719
    yaw: 5.593645570223348e-05
  wrist_1:
    x: -0.392784694883338
    y: 0.0002709497302298518
    z: 0.110126374044232
    roll: 3.139132305776957
    pitch: -3.140195997351532
    yaw: -3.141582929697587
  wrist_2:
    x: -1.865247718379253e-05
    y: -0.09512209831888337
    z: 4.651146985619897e-05
    roll: 1.570307360855631
    pitch: 0
    yaw: -3.2593103582911e-06
  wrist_3:
    x: 0.0001047490144808308
    y: 0.08257710950397348
    z: 1.593289482637867e-05
    roll: 1.570989272451682
    pitch: 3.141592653589793
    yaw: -3.141581583279235
  hash: calib_13197295618376838631